18174
24815
7164
29866
8143
18109
16656
3126
9751
10601
9159
545
12133
31888
19545
21653
15566
2633
13457
19966
1946
7433
23075
7698
17982
196
19265
1039
15755
8021
24937
28227
29220
15392
7809
13010
3637
4854
24613
17844
20322
24121
23872
4093
4350
2112
8665
19553
18046
3068
32048
3319
31277
18652
5642
20029
9249
19951
6473
15197
28013
24649
14015
1966
13208
16551
24644
382
24654
29782
32518
16911
26966
5456
4897
7903
3268
28073
29040
16428
7536
25129
5026
184
29606
28731
11920
31434
22047
17157
717
26229
28464
9177
7039
11548
8770
18892
28526
22070
21890
19620
6235
12623
986
16120
5267
24911
11039
13202
18116
11519
27276
12824
10254
14537
25967
24300
24669
3520
15906
23120
14583
4576
15677
6862
7505
21910
30986
18135
7719
23171
4409
20906
10955
14205
21205
24439
29886
15830
22647
13508
12669
993
31418
13585
11933
30899
9454
13495
27674
25895
25105
8726
12525
32293
13819
18927
19932
27683
5848
15119
662
27627
6875
3374
14591
27807
11825
3862
2761
20219
25908
8200
17732
10715
16098
14427
24439
14333
27533
25958
5743
21255
27603
15520
9175
8140
7121
2566
17097
20427
32404
15805
30436
7160
24016
23801
18847
23744
4565
31261
29148
25415
1470
30756
6593
30708
19436
7487
14019
8751
22195
14527
10243
7529
10578
24630
3806
8029
5417
2009
5567
21398
22310
31273
6456
12338
10625
29395
26450
2021
7593
24788
2337
32065
21118
5088
19099
15156
23232
22789
29866
5842
26567
19084
28031
32340
3189
22304
13098
22881
11370
17458
25703
16013
27510
12187
19387
8736
12628
21635
8384
25112
5525
6018
29629
21361
18394
7686
30586
13475
18502
29941
7507
10605
1075
2707
14218
9169
11044
32677
5602
24160
20475
5079
20585
19383
10861
12635
13461
8010
3250
23507
2194
21344
24961
1649
6363
20575
17979
5468
17416
6474
5479
3670
30950
8584
30046
15517
23245
12263
16199
19470
46
29408
21062
8080
32620
10781
9969
26288
15853
2360
14084
13961
13680
14278
3413
10727
9121
4756
4618
19628
22506
4656
26377
22130
5005
31403
26800
30833
12272
14494
9927
17059
32567
3947
27058
25639
6936
31941
6123
19172
5611
30067
4016
26222
16897
24400
18681
4653
823
27799
21421
27324
24267
15453
1557
4751
15726
25695
28561
10713
5018
18430
25482
32172
25637
24712
12455
12898
20759
23225
22596
27965
11961
11650
23072
16714
19694
3592
26709
25483
27334
25840
6030
27220
2129
10458
24436
7158
2737
16939
32617
4251
26227
23568
7033
11121
17440
18112
9613
12043
21262
20225
26338
28932
15996
12013
15802
28901
30942
31734
25426
22088
20854
13864
19987
6718
2084
23726
1036
24559
21375
11160
29088
16512
3364
26331
6268
3642
30799
22169
10957
21224
22184
22691
26287
3456
16223
11069
17896
29446
27770
21793
21974
13998
29294
20166
19366
7489
5613
20705
10439
24513
13312
27693
926
8528
28757
20071
18556
31822
7642
22685
1741
27330
5515
27305
7826
3579
28551
2041
25105
6519
21098
14737
32714
25859
19671
20818
18606
27172
27988
29308
9868
12470
3163
882
22220
28371
31917
27837
15711
24566
5610
18772
25590
5984
19807
27674
31090
20923
20767
24233
26012
2558
22869
15694
17687
21904
9176
5204
24979
19376
19968
8838
31298
31764
185
9455
28816
14544
8917
4068
11535
14202
1447
22853
20656
19852
16333
14335
1593
19465
10829
31957
2035
15972
13284
26721
11683
4253
32410
8789
5820
24749
31642
13831
17619
32548
31041
14381
14931
25361
22389
31204
29042
5410
22072
27896
16228
22028
12924
7519
30670
1069
1337
25606
25725
1136
6334
14033
25944
12914
10309
14813
19603
7139
15817
30216
19238
2862
8732
22707
382
9564
4916
24774
2162
7989
13509
7413
1656
19881
28438
24386
9497
5487
12301
18883
31394
32236
17035
6310
15389
27478
12288
19826
19327
17433
24630
8079
30243
1402
27505
22025
30583
2938
21178
28305
5110
4093
4728
13765
24662
9515
17216
13489
2306
12055
15598
6037
11722
8350
28661
29160
9689
32659
26867
926
16360
29721
12937
25511
21170
26447
2409
13240
12712
30003
5808
16717
23013
13760
9335
14319
27492
8538
164
18610
17009
5228
518
27395
17757
13904
25506
6816
14966
18287
27207
14056
14902
6825
2153
26453
4539
15863
29740
10567
10615
5710
25534
27395
17449
29383
25578
22523
10764
23294
31978
14928
5198
7351
6525
5525
27843
23752
25658
24278
13787
12083
3876
30168
11986
31378
14718
17315
2086
10936
26593
8766
15438
30357
17035
29114
24745
15706
3578
32369
693
16094
4538
7312
25985
13120
24955
7379
13157
1487
15462
32400
30704
14118
30385
759
30242
10907
8561
1432
11995
25307
25776
15910
11156
29134
16320
20346
24909
8129
9166
18394
16326
3523
7354
30332
16626
22351
31783
14918
3241
30508
15054
11736
1181
29586
1047
21708
19599
5518
8170
11836
8899
12199
11970
20613
7345
14274
27652
29259
7165
14403
27280
1214
4009
23669
32661
17179
21898
7212
20393
23413
20472
19113
12825
5301
970
3261
24189
5600
21122
31282
6288
12952
9412
28262
20031
24806
6413
19513
23552
15414
2721
14633
27493
14755
1221
5052
8177
29045
30255
10527
1578
8680
14523
28172
30959
20272
16735
16112
28940
9401
3169
27470
29452
31667
6599
4190
3919
10958
3600
1787
10332
834
19233
26812
29559
7955
5506
28768
26487
25747
6602
14703
3538
25384
26200
8990
27130
27983
11588
23155
27372
5089
25237
20395
6917
26262
2741
6873
536
7623
19746
5071
28095
4472
8037
8513
5102
8597
7240
808
17358
29564
23364
7269
6344
10428
23609
32679
25567
29468
23394
17294
16196
10720
8583
25105
36
17479
9332
10013
31429
23896
2987
29310
19665
9438
27990
20739
8690
25010
22399
12509
9886
26936
31107
13641
7477
12332
452
28015
18761
22687
927
29321
9532
24892
31134
12615
5649
22992
14318
25202
4476
16650
25363
30417
27195
28543
16090
31305
13993
13296
27023
12871
1425
1232
22385
31587
21824
27393
8803
10813
222
2527
484
29611
6142
26751
32577
8215
21619
24632
14857
3618
8805
21603
20674
18573
28325
5984
16858
13146
12094
8410
22753
5166
23117
31051
31733
31226
16146
32450
28029
18394
30022
26340
22042
26430
22191
8752
10970
25927
14067
1160
17327
32628
19882
22253
13856
25469
1718
13963
18495
9855
11479
25845
4059
14170
8826
28081
4598
20567
7378
17655
30329
11279
5418
17334
9255
392
25722
9432
22736
2976
15672
26567
4551
8111
30576
15408
22678
5992
25367
23303
18415
4608
5277
28875
23782
20627
24513
32011
26718
12739
29865
19241
13505
4258
21298
26718
13301
2770
2181
15102
18827
29162
27371
7933
1337
27676
18402
11187
24970
2069
14448
1756
23252
18469
4023
26851
29291
26784
6090
13920
29204
25988
4287
21215
956
859
9733
4323
29034
24419
19960
25386
8563
19181
18355
13107
8941
30211
11045
254
24165
11597
16232
12307
16085
12086
2893
9669
26320
23626
21564
7352
17920
18146
32571
20897
8914
26116
2124
27981
27760
28549
1020
20453
26864
7536
24377
8560
5066
25260
20836
19353
16528
21208
13479
16562
21977
16762
14473
13306
13439
23641
8895
10011
7946
17703
4677
28919
13675
28259
30894
8612
22766
16254
15801
26549
3178
17469
16676
23228
9402
27486
11973
20237
23921
6270
22742
5828
9674
3386
3217
21513
14814
28053
5373
16530
23578
25497
24583
3690
17135
9794
31188
17905
3787
26519
21078
17701
23625
28186
285
17439
18085
23906
31600
736
28274
29191
28829
1102
22671
13502
16525
31354
14679
26821
16539
18468
24
14722
17062
15233
14022
27495
4709
26172
2545
5144
23803
14010
3317
7632
14028
13986
3697
6657
13198
4765
4346
10042
17571
20314
15376
28238
20902
20438
22864
31411
16196
4314
12780
29224
22605
15813
24665
28570
19722
651
27207
1353
15570
16126
14038
10791
32216
32588
13575
5760
5959
24009
18032
21472
8593
12783
16949
1074
259
12451
9267
9253
11934
25018
15486
19668
802
3772
29454
14501
14443
3816
29621
3953
5376
5240
22100
15846
30186
24358
5967
23594
10946
30702
29758
26561
22542
23062
230
21681
21454
11628
2151
14820
12369
30159
3766
7373
26957
23536
1614
8271
26415
29530
3619
6874
19632
8624
19416
22487
17065
2870
13873
2118
13864
10387
25547
9893
15555
27094
12811
21012
4908
2742
22612
25784
27142
31774
15229
18781
29943
1769
5506
21599
28671
3050
17785
9162
3848
1327
23496
19136
3006
11398
13974
19483
17824
27457
17023
10324
10327
30519
13196
676
19527
16651
19042
8552
1381
6065
31161
19914
21576
9517
16
22174
28034
10398
18847
14986
19248
4476
11918
15722
31952
24606
24932
27890
10579
28543
8642
22677
30579
3137
1873
166
20551
31986
30969
16574
12309
24463
9300
14685
31079
70
2402
31956
32353
3456
28286
866
13393
19743
20624
10909
17800
14084
9093
17427
30057
6357
30460
30514
2751
9981
21314
31333
13396
7924
25217
26496
7103
24256
14900
12126
6781
5564
22750
28872
17731
29336
11260
13977
16787
29345
12856
24864
6542
13890
3551
16070
521
32459
7061
6129
18146
14706
24904
12840
20884
15256
26978
3703
32266
5197
24131
26389
12721
5909
31214
12356
26833
1004
7682
8313
11805
28809
10221
957
12425
22240
21852
24147
27483
27882
19701
8859
5253
10664
8009
32310
17714
7014
21508
619
4255
29501
22375
11209
32044
27099
23545
3342
5043
24967
1145
8520
31000
26975
27158
2362
17953
1508
21219
14337
4488
25273
11397
21240
24655
20904
7982
18648
28756
15078
19664
25636
4389
25240
4234
23748
32533
10133
21095
11503
29840
8046
17223
11599
26027
13228
5405
15456
6655
9304
859
29978
6328
5057
16299
14543
6889
32633
5856
4182
30755
19105
25132
10345
16709
15718
6291
27980
32149
7628
5279
2479
15888
17835
25174
19670
31487
23030
10601
15351
28619
1859
1966
21220
26898
26504
28624
14313
14586
29987
24646
26360
17862
12062
1665
6147
26279
21168
8810
25770
724
19975
15883
28950
9948
20548
3468
7205
1083
6856
2914
31431
3884
30638
9411
8872
11967
31128
2653
2063
13099
26799
31047
29446
1637
229
4152
20411
19186
25982
1271
24102
23801
28110
19986
1260
27036
12100
5331
19331
4232
26791
880
16279
17355
12960
17282
18861
23015
6521
16568
13575
1572
1060
973
28359
11050
3199
14775
16471
15310
11478
15138
2311
7725
26281
10268
15096
17655
18096
27666
7994
29454
27165
15867
9521
23888
26913
28883
16701
7856
19121
10315
7833
12940
25994
17855
10372
26939
21107
8552
11935
2789
21442
25555
10391
7319
22049
5009
23811
31638
28306
11057
28560
17140
31153
19307
6747
12130
16441
23966
5790
30021
17610
14973
30863
15628
7914
10500
645
14784
1865
18866
13149
3548
31049
16882
5148
29280
3517
15322
2261
21537
29425
3607
10446
23395
9708
8232
25054
4521
20721
24267
27417
6604
29516
21685
19120
11851
13899
15238
29458
23010
5002
6396
15191
7774
12403
15463
14047
32175
4870
12381
12342
6463
5078
29870
19259
23426
12628
5274
4738
24527
10320
27970
29686
3182
30141
14429
28867
4850
9653
12076
1139
19144
5053
22960
1878
6673
73
24090
4136
24749
8067
25731
6382
6552
1352
25309
27425
9850
4723
25898
5902
31097
18271
9708
31357
4434
8103
2780
6801
31656
23344
23006
21743
20892
22634
14901
11298
25245
25554
22003
13119
385
8380
12212
23748
10197
28495
140
12486
25458
29649
12862
11852
16977
8997
18863
23542
12449
30865
21914
19426
32022
14533
13700
5839
30595
26137
19699
4739
23979
18967
30427
18283
2645
14393
19801
27010
6814
28147
6563
22643
32147
13300
64
27394
8703
9386
15732
2472
13954
15364
1535
23677
12259
5243
24583
4188
2471
30035
2130
30529
29923
5662
14264
2037
26958
15235
23768
238
19610
4413
7691
12912
9221
25958
14230
13305
1067
10486
2596
2268
13086
22919
28019
30764
12472
14427
6989
7131
6448
29343
18106
27427
5612
7921
13172
17445
20630
13345
24987
14545
7282
23860
8618
8965
18927
20143
9386
17401
22652
274
23717
29402
31388
29858
16734
7861
8253
25195
19775
10135
31558
32390
18067
21235
12911
12184
10485
24387
13909
24475
17160
31474
27854
18913
23657
8826
9849
27221
30690
10698
4762
29189
1505
29930
9509
25821
6952
9185
8985
17589
32709
13783
18703
28047
10821
26487
16403
1817
31525
20631
21682
12154
19593
1307
9300
17226
10800
15638
13517
26338
17832
18483
10798
13527
31422
20564
3809
13761
30777
12152
25077
1345
24776
23778
24502
18498
30776
13688
14465
22654
12522
9065
10710
18756
11653
26898
11695
10617
2792
4899
13328
9950
1635
22013
6880
30352
21542
23135
22519
9941
14841
15682
2424
15893
16942
18177
24673
19239
6868
7613
6496
19151
29998
30464
30697
1668
31076
3232
30597
20598
8823
22759
10093
16591
5754
24048
25687
22585
20224
31828
25744
11169
9681
7431
19019
32059
6625
12924
12345
26311
24706
21776
25689
30994
5848
32421
17682
29887
10125
10637
29823
71
14535
22187
22026
32575
13911
16084
2620
28378
19508
13179
23763
27566
25895
29326
22805
17595
455
29083
30821
16297
31656
25655
7956
29265
2256
416
23417
21887
4970
19873
6980
29942
14783
26806
19215
24757
2657
11121
5174
17273
20649
4380
11497
17027
1380
13728
28287
2715
14282
27302
9741
11861
688
10235
21304
14739
25086
23353
18759
7755
31842
23204
26237
24203
13638
32594
21925
6074
6912
10895
3566
21280
1353
14975
1273
16297
30705
12805
18225
14565
7633
6116
27227
16212
28672
20772
3693
17889
23882
31416
24740
30892
1501
1629
21713
24844
24390
7877
2292
2773
21660
5877
1803
3798
14075
26860
22828
9894
4660
1925
9170
11681
14787
1950
14965
13101
8706
25722
25181
578
22940
25444
14263
16937
14147
23189
26857
5251
4006
24408
15395
21646
1949
8044
4918
23460
22183
27050
25002
28420
3479
10727
18698
15061
13706
23580
20355
32360
23324
15045
25774
19902
23004
11398
10409
3146
31741
13588
10604
1271
16974
27987
2650
17261
26732
18108
18967
4752
31029
7682
6810
17482
1921
24821
32643
9867
24333
19366
9902
18830
16824
204
12040
31581
1266
358
20897
7319
9073
18338
8451
12913
5925
2302
21187
23035
3951
25517
18261
165
22414
31548
17444
1537
346
18549
5090
10954
10292
8324
285
28966
24637
14168
24340
21032
9670
8524
5320
27801
24840
6151
24150
4344
21013
1696
14467
20159
30991
8454
10905
26344
20120
2720
25202
18352
24713
20528
22226
30107
9959
14589
25594
1464
9491
13105
5753
3366
11072
24448
6214
10711
19498
10
29708
2196
23302
20099
8901
3137
1460
32145
6026
31331
24380
26997
15785
20703
28280
15342
7417
10500
5390
1882
6250
19404
25250
7455
31456
23391
10313
9033
17986
13785
24640
11637
30925
30029
15838
23789
15535
12554
31175
19476
13777
25629
11875
18693
25076
7447
22670
9079
16127
23312
20625
4580
11159
15339
20305
29162
13809
24540
21447
26609
19684
9768
31920
8718
1859
10028
10886
16935
30057
4001
32174
13144
12565
16670
1267
28310
8057
23518
12339
29330
6541
5572
23384
29408
28329
668
1418
601
30035
12708
2212
15550
7766
17483
25828
13214
15892
25144
29926
8825
28
11918
7635
11813
14591
8815
20438
13169
2656
28863
27343
26889
3403
22314
23372
22681
30408
104
949
29493
27311
23487
17862
17657
28861
3530
16450
3052
16360
24186
5350
13866
21488
18522
19100
2883
311
3351
8178
1246
31442
29503
25034
6818
32480
4425
6739
1366
7450
18902
11320
15686
19372
23862
11799
14313
15940
13358
6708
10434
13160
18424
9839
18820
11276
19340
22643
28025
16740
31262
10801
25636
3319
12008
21133
28454
22261
10793
1622
20318
32458
10094
17788
11604
20979
10512
2173
24792
17680
7422
25121
23526
17211
16060
26983
15565
1945
23212
32703
19344
13614
22157
18297
26253
8438
9025
24190
8796
561
31699
12606
8442
31998
5560
31209
25639
15147
9813
16354
7948
1868
25026
27505
19233
7690
22222
16824
1102
10686
19523
23784
28753
7231
875
29876
13663
23287
978
2822
17422
28989
21582
20721
30834
15583
17725
22504
22150
18685
12302
25389
26062
19230
20483
28043
28731
30333
6196
14152
10319
6564
10968
28758
31361
14908
21952
21193
3555
8996
14372
16782
14338
6336
30114
16217
26638
10132
6788
20959
19771
16657
5442
9542
15462
6830
26951
985
6396
827
32504
30209
17688
8818
13555
7792
23787
22224
5780
9888
16737
9635
23486
20348
13825
29027
5592
31325
5654
27205
11797
15927
25868
27918
6393
23829
15900
17445
25369
11714
26412
32493
31522
19913
2800
21329
23836
12192
24150
15777
752
22817
13601
21148
15912
26169
18899
30670
24311
9188
15569
30236
19577
22361
3778
6813
29243
1409
6712
22955
9982
20142
20626
10298
28856
12938
15905
32617
18908
20558
6537
15959
19419
30516
25194
24120
25323
6958
21312
11432
28423
472
10888
62
30263
15275
3877
7013
19473
15732
5121
12647
21120
11781
7927
16843
14276
15403
14065
15841
21946
4320
32077
11419
5726
12737
22150
16542
398
26562
1552
5273
22545
32288
16771
470
24535
28055
32508
17679
17794
18390
704
25986
14118
30512
28707
4679
7245
9876
25001
27106
3903
26047
19562
24597
31616
23984
12987
13816
1433
10588
27146
14411
8219
9892
30730
14346
29154
21380
19217
28994
29079
2957
20926
21540
23160
14741
13790
25687
24156
20909
16016
8851
14577
10067
7592
13420
2121
29673
11346
15979
3733
8550
23288
9315
16688
11596
22629
9218
18655
14298
13354
32167
22359
4994
64
8051
30207
26781
13808
1699
12792
16734
25072
19229
18779
4612
23503
2376
15809
4436
3218
7713
28681
30023
2208
27020
10581
26624
219
2791
13654
18688
20240
19429
29130
3741
8593
11674
30530
23472
2592
19410
16169
7567
29711
2727
27394
17979
17830
16979
4337
30426
12485
23874
12669
11879
30410
7276
14996
20648
9141
30177
15311
6496
1163
16805
12280
20423
23800
10431
32714
20023
8247
2701
8695
12840
12599
19546
31856
18526
28150
18226
27360
2401
2609
18421
3705
14894
32064
21931
19188
1324
1852
12823
5331
8033
4450
18575
29930
19942
28092
32523
25885
24472
14846
7547
27243
28433
27054
16222
4140
215
15239
912
10390
20946
7712
28259
30342
27140
18377
12786
9342
18292
1461
20658
11497
13675
1631
20042
6055
9187
8998
25253
12485
4925
27962
25413
7308
26674
444
22234
27838
15372
26913
26387
6940
32022
1496
9396
3371
29521
22060
20969
1336
32104
3435
9945
9370
6630
18504
17535
25399
4263
24702
18869
8266
20620
9142
16018
12387
21875
29099
18934
3247
10855
1420
25955
1913
23571
28322
783
10737
28541
31794
23095
7980
12529
8357
19893
20589
28474
4070
8405
5795
30489
7436
28261
9522
25327
6969
5643
4598
4797
17857
5084
7813
24654
29583
30249
9909
25523
6597
26012
22623
23536
24995
29572
6242
4085
21930
8814
14570
15312
27137
23797
25842
24096
25623
20187
25863
31181
25994
21592
8527
8182
7752
29617
1227
22059
27124
5389
9689
11485
23691
27781
22525
6674
583
19066
2784
27741
22211
17963
6809
27150
14177
30342
29996
28838
21737
11583
14672
10382
26738
26656
12918
8456
12166
27808
22022
26725
29569
16822
9708
29817
8250
31727
7251
28492
11749
4031
1200
15378
25144
7700
26115
18525
11469
28465
25178
32146
8904
4026
12182
26265
23993
17419
3441
24025
16836
17870
23744
22372
28415
32717
15350
7022
25115
15364
19690
1284
2119
30715
2010
6395
19025
21331
16303
2342
21262
19614
15234
30668
5373
16500
2400
3928
21287
24259
28234
16979
12617
2662
6016
18320
3893
22265
28928
9894
13174
6380
17737
26787
2355
15319
2660
16639
30038
21261
37
17103
1772
6260
943
30267
1743
19860
15414
25138
10883
13037
1289
24157
28255
2446
14543
16721
23277
21219
16912
16136
14739
17103
5368
2962
31858
6138
30296
5640
23950
20077
13294
28610
31023
24668
12774
13257
26504
2370
29088
655
6551
16180
30132
26078
32076
22126
10036
12559
11501
819
8241
12668
11705
11732
32640
17208
460
19726
10685
7677
4418
15000
7057
28261
11935
13821
12593
3933
14959
2472
1831
30679
10793
1597
22613
12480
30297
18480
32055
26418
13310
31632
28776
28394
23857
4643
31848
18684
3336
8120
30364
709
12986
20665
11158
290
4
12032
24727
3039
5835
10475
3666
11635
14850
3763
14579
15082
1486
31225
2400
6178
29416
21410
3007
3130
10564
27621
14136
14920
26096
22690
8956
4682
30782
3574
3206
20064
6693
25868
4897
20536
10213
1334
19626
29385
31466
25404
6039
9284
27635
19188
20024
23623
16499
10002
16189
16980
1847
31554
3961
6275
10314
17524
26853
15987
11286
13175
6888
24710
32203
30154
4053
10062
11525
175
15286
31554
29353
4736
26696
12470
32015
24134
582
12298
18279
5512
19434
28193
85
17505
6322
18708
17375
13269
30304
7464
11401
18021
26436
9726
32702
737
4541
10
31090
16766
2302
24134
31494
12073
4878
18472
8556
6938
4114
29649
1675
17067
26319
4231
12773
3947
6763
5477
31863
31598
28019
26705
27616
4072
13859
28975
18630
12794
18401
27988
29814
12748
5642
5950
16842
20444
29681
30338
21840
11414
5669
27653
20648
22052
14579
20079
19758
26759
4140
10973
27098
29671
25641
32215
28772
7463
11
30849
21931
11453
21831
9749
6487
32705
30819
1424
18621
3907
23290
27564
10500
482
26374
16655
19590
31642
24415
28866
6009
8158
10622
6884
30671
31207
25735
24480
21594
16203
29063
22108
30516
8401
20729
1331
30558
7556
31120
27814
26023
3078
3120
31630
16592
20007
2365
32597
29933
25270
27417
25702
27150
18840
18920
23266
26143
28182
27799
13205
17933
2939
27420
2344
21035
16351
17919
2456
12755
16702
5913
29671
16976
26829
16284
7697
21755
2189
14163
5953
6309
16160
24875
14917
12853
15836
2291
17471
18578
13598
28256
17310
1988
23264
340
29517
24406
16270
13151
22058
32766
25878
647
9914
23680
19519
8516
28443
12751
27707
24527
23866
23157
18559
15004
10054
28982
6354
12837
5220
1776
14244
20458
32164
28614
19106
31926
23347
27517
22919
3107
12755
11558
18229
8544
29833
1534
24836
20786
11925
14226
30810
9529
2471
12583
14972
25717
1104
15448
15011
17673
27831
23809
25171
27454
29581
26716
15336
22986
27459
5994
19314
14163
1914
6293
27074
3375
12475
25747
21957
25454
16488
23181
28689
24090
14578
26497
21694
16317
20045
15589
18295
29988
21153
23181
9680
3683
23363
28622
21466
18713
12771
22500
22262
4085
26119
13713
4838
4985
4792
29191
23850
24574
11386
8968
23177
5369
27522
7244
23278
8572
9764
12323
10101
10752
12171
25435
30406
31585
3756
6244
31650
12074
8572
30130
16827
25875
97
2915
19657
13768
13799
31778
11738
17132
7861
11595
745
2142
1471
16975
5299
21179
20669
26459
1734
32548
20699
12084
19931
26689
2994
2150
24677
9349
4215
3485
21866
31156
11634
13651
26002
10659
6578
9387
638
31808
26368
10653
30810
10961
20497
8276
19894
4225
14080
18388
21905
17432
26619
18912
10167
32522
29756
31259
29518
30131
14650
4205
24491
1249
26657
25256
28522
22675
8576
24940
6589
28672
31042
23624
3588
8923
30432
20769
21918
3030
26069
19160
18431
31845
2641
4903
1283
24004
3633
15308
27010
9019
14895
17130
12837
12705
20310
22188
16504
24607
5306
31787
13888
30262
28005
7570
23310
19203
2708
17280
20
27074
3620
32173
22072
24466
12615
16081
27239
5751
17275
12225
15404
24997
5565
15835
8833
7932
9721
26789
29413
4559
7878
4785
7854
23273
32592
22980
15009
12754
32661
14902
9408
17230
1237
412
15459
22823
14915
21669
24714
12076
8705
19522
10354
6522
12875
28170
2662
24570
21235
988
25816
29483
20237
5830
7600
24098
3819
4389
19428
6607
11852
19470
8009
9601
17104
3053
31401
2220
26287
12396
29717
8683
23467
7063
12156
26433
23107
5181
18301
31652
24874
10137
14458
15804
6391
20017
494
13288
8222
22527
29184
31106
21279
25551
20312
4452
25853
26088
21809
16810
23538
494
13743
23738
18017
15367
5747
7042
15372
17725
15214
27905
32647
26404
21490
24329
21485
21180
7695
1091
23249
22168
21532
31603
3703
16448
6292
31741
11332
27861
21540
2985
9076
19699
14849
16803
23563
24539
26239
15046
27150
27090
19424
8985
242
27076
24937
30874
15189
4653
18620
27451
2796
18746
23905
32299
25789
29739
25254
20054
32142
4603
17321
8751
10909
26947
6579
9901
14993
19804
27847
32147
23217
16067
25211
245
23636
27330
20231
24568
28312
20045
23708
30937
8279
43
15607
5169
15959
26198
6453
25975
25025
23203
13289
29894
17109
677
29036
21984
9179
24271
14964
20596
26717
21722
27880
23964
11411
14694
20211
7850
28959
7396
14424
12580
12027
24499
26117
1037
26543
20873
11242
4710
1479
24597
30987
9973
8580
6371
25044
3397
32210
639
9389
21486
20858
4317
23759
1046
12441
14584
22358
29240
10833
26554
16023
3109
28350
24604
4019
18504
4395
17550
3693
6701
14982
20377
11064
4165
24594
32707
3988
32483
21084
15027
17563
23691
14448
11157
10199
13164
19276
24768
8791
19499
26005
27798
22018
30178
15241
3500
13611
3945
20277
8748
14437
13780
29928
27255
9880
15420
31719
24334
9044
20675
20322
7602
30566
29394
9127
12746
18345
7845
918
15366
11807
21002
21077
15682
26944
20069
5445
2221
5522
15352
6708
8490
9594
4705
19924
1526
2898
27236
22123
12939
18875
7403
18125
21957
24117
21323
32136
1092
14829
27849
1118
27153
15573
23901
1016
16260
26362
27062
8152
1381
13331
25725
20112
19537
21845
20702
561
2911
15759
3653
13575
18948
13170
29029
11907
8500
24112
28287
5241
22474
74
14561
7308
7722
21666
31661
29158
11557
16856
4059
9004
19485
22483
21377
11440
617
19358
1618
29417
30714
25974
20325
16673
18751
5409
20537
8302
21063
8321
26869
6883
13606
8296
4596
16135
8089
16302
28288
30598
5101
28801
31966
2855
14620
3069
1932
22782
30266
4092
15302
9443
23823
28464
2382
2083
10246
10095
12141
23157
20294
4685
6965
10031
31006
9200
31498
697
18854
3104
11105
21570
21923
28062
24774
26547
15532
8119
13092
23521
11915
11800
28225
16647
24550
2788
19336
31603
12831
9988
30987
15999
4728
25791
4552
13251
21627
6282
27435
8841
2969
3105
23509
11137
10257
14294
24476
27831
23315
9769
15571
8641
1573
13722
3787
5181
14791
11451
22937
28795
1874
21641
2842
21110
10790
3324
3381
7945
19460
4061
19808
32095
26809
21976
23910
1196
5373
20946
4455
29210
11418
30333
16160
31495
11217
14889
620
3949
14329
3293
11019
8353
7017
29862
14243
16449
14488
17455
516
11111
14467
8082
176
5667
30799
17262
16795
19241
31280
16954
559
29638
23945
11224
2195
7193
8789
21357
8749
18303
15301
10097
27494
10575
13866
20482
17581
21960
29718
1918
6334
32583
18110
24912
22564
5053
26019
29450
19964
20065
2418
5045
12797
4514
11816
9572
7093
7520
16505
7440
15125
30043
14963
15519
31280
3052
29535
13126
27712
1267
9960
6161
11754
9488
30591
29376
6851
16662
28669
18133
31762
16828
18570
21739
5336
3990
29374
1609
12045
31556
12551
14007
3629
30186
15691
20625
27379
11744
17102
28441
23652
25514
12117
31505
21008
2858
8076
30090
917
3348
27301
25847
31076
15523
4418
6277
4808
21898
5013
13743
11556
5678
29381
17420
20604
18962
24980
11116
1334
22674
26688
22564
14114
11221
32678
31142
18873
1021
26541
3925
16802
2720
15586
14231
10107
14972
4448
29995
2005
28518
3315
24253
13440
12932
22653
27831
11018
5820
22680
22875
17538
14700
31612
18191
4737
15196
7716
8439
3436
17905
19628
27081
30707
28835
25086
27869
7133
6832
19117
1412
17416
3346
28449
28827
6059
30895
2293
23648
15071
9425
26525
10884
22622
25045
26700
6273
30858
5159
9492
16941
18865
27502
8016
12943
15759
6659
26943
30450
8212
8360
4849
26681
2920
631
24167
7794
23853
29976
32502
17070
4356
24887
26604
13071
9298
18229
28278
11554
26436
23582
17089
29295
24336
29404
1120
6991
7550
1450
30190
3070
12712
29643
5108
16369
5629
18299
4876
24426
16268
6182
2375
21321
12928
23768
18125
19237
16358
17141
8643
27035
20663
23850
14706
2790
25106
16035
29861
22960
5833
22142
16210
9768
543
8064
19325
13141
4048
30727
22874
28330
11602
13888
19122
17882
6235
19610
1415
3822
30371
4731
27131
13972
6891
1329
24430
10426
6974
5419
15591
10075
7287
21353
4277
921
30467
4913
2902
27917
6376
21508
4503
19291
18694
2000
14845
22025
12189
2407
14692
24209
18448
22320
742
180
8169
26140
7934
11538
1820
8412
32237
16888
5520
26450
18781
9849
10715
8773
31045
7104
17742
16216
12300
14500
26929
10557
8689
17277
22863
4134
2986
24118
26550
5756
31819
14500
11704
13780
30314
15638
22069
28703
11393
27438
23837
8480
23699
21743
26672
1060
3859
29206
7432
16877
15617
15790
6234
6895
8534
20959
27257
447
14754
30215
15643
14792
14836
21260
1632
20032
30714
16880
27920
30042
4457
26789
16932
13245
20895
6435
13193
21558
6792
9913
7200
1961
21694
9632
5385
16718
10996
18646
11297
8985
5268
21033
25545
3706
29607
18578
24554
11591
18934
26821
25654
1783
18798
1030
1968
30224
17353
16702
16750
4578
15723
29774
12957
24694
10122
32675
20935
25794
1426
29707
23377
23838
456
25287
11080
17916
13613
5601
25693
29907
9893
8896
2093
24412
17752
2809
25798
25345
25177
24424
31591
8339
28038
6528
17544
16443
31151
7903
29978
12723
19450
8997
10512
15541
31365
23559
5918
30132
24142
15263
12737
27339
23632
9478
22911
7411
18927
20261
1136
6520
28822
18888
32509
18350
29855
22772
10728
16096
9075
6779
22925
14473
27890
10701
14951
29382
3093
13841
24277
5900
8913
15989
23070
30998
19775
26818
3251
16930
28667
9779
1461
23645
17866
6791
7607
12956
28799
31061
11973
6220
4383
19872
3493
28076
11075
24491
10332
21562
22462
11534
28149
1898
2688
9994
25469
11678
28602
11034
2642
13651
9283
27082
31646
4760
19771
12236
23838
28869
21230
17737
4904
11369
17146
22389
21484
10628
7605
8294
32762
23031
4809
16678
25604
2104
28961
519
18405
14922
19977
27958
28387
16621
10128
30611
27953
18194
1585
11200
30392
30097
25011
2936
2840
32542
19790
6947
8937
10362
12047
19367
16966
8422
1662
13952
5260
16093
1661
24595
30047
29954
1651
29759
2798
4952
3754
12598
21880
10417
1014
29835
22544
6249
13976
7820
16029
14419
22625
16337
9508
2804
7707
17685
25674
27119
4132
5445
1812
13505
20060
21975
19954
22446
19265
18781
25340
16123
16985
31834
9083
2654
28113
13396
8875
5299
16227
21802
18879
9200
8317
12456
14630
21851
32159
29785
20237
6651
8452
10652
30501
22348
8326
31738
10150
55
25276
14775
12180
14912
32613
17063
14913
25346
32521
22851
11283
2520
15837
2556
15495
12766
30184
7376
29046
28696
13412
17690
24471
14832
15975
942
21574
30694
10434
28453
19587
12419
10025
22134
23870
24462
22165
29127
28882
19843
1767
5506
32207
31553
18382
7082
6908
30211
15594
30576
5276
10129
32050
9985
26353
30392
403
30627
16895
19447
26329
20480
31378
20091
1747
29889
3202
27982
11442
31583
4662
2251
26803
24374
21863
20565
18174
27868
23846
10312
28109
30640
7457
11312
26320
3510
10786
8505
6097
7586
6104
27879
11924
17202
25562
25607
1025
11713
4585
1510
14980
21786
23925
30656
7093
28810
9315
21627
31028
25657
28430
9365
5335
6329
14732
4700
21512
28896
25138
11869
17000
20947
24922
22558
10169
29028
11875
7952
13562
24222
30202
12223
3283
30877
1432
8524
11060
18340
4172
14109
28730
27753
12475
27347
21074
6579
19557
21116
31648
19495
15402
14090
22178
13407
24076
28421
19984
1853
29750
20860
17415
10367
30014
21825
1127
25491
12711
12374
13946
9900
29354
2978
4566
29717
30261
7912
23172
32198
27701
18682
26721
7989
22801
30762
15813
10606
374
30466
29027
13670
17242
28981
28528
28812
59
17620
22024
6050
31912
29637
28877
5067
22787
18802
6097
28133
1925
2238
30134
3096
25474
13885
30995
28079
19951
21156
29978
22823
29473
6526
13688
12422
7639
6177
2429
24559
15227
12513
2685
6770
30117
24195
8566
22824
1249
19445
4082
20608
8370
5180
47
20436
12503
16045
24702
16192
9164
19296
3561
12211
3732
25570
4632
12614
31158
1066
30838
25549
32646
12238
32399
30124
8101
1911
9148
1261
27595
21139
23555
5775
29124
20809
27193
6176
1721
27314
9577
8078
22449
2886
11642
23866
25431
18324
21259
29774
16638
5943
13986
11601
22754
15365
25350
14072
29105
10633
26345
26943
14154
180
12746
16057
7876
29647
14362
30756
19378
9908
8862
7745
23205
24382
3348
21987
13555
6654
6169
14917
20919
22319
21066
12704
2073
13292
15530
28669
22224
9121
28228
7240
17637
24000
6929
19367
16313
21429
539
18186
6729
17179
1763
20226
4529
14384
31232
20950
31471
5254
21770
18388
32234
28156
28086
10725
435
23021
25666
13924
11786
30887
20756
30768
9764
21791
30110
17408
24747
27875
29828
8183
16647
29775
21761
18809
21980
11012
21895
19772
24787
21654
20901
26018
2974
10629
16174
4934
28214
21615
1688
9172
19047
20355
15010
6943
8335
13881
29497
12909
419
24384
20381
25109
17010
21176
25536
10573
29742
28834
5359
2109
17960
23445
10675
24664
13531
31666
4346
12011
10796
11738
9330
22006
29424
29470
27190
26428
11695
13430
6572
9622
5799
28342
26541
12428
21780
23231
24039
3622
11695
26098
16768
1792
15989
3819
19708
2205
10153
31339
16737
509
17948
21653
4761
28274
25260
21086
13079
687
31499
26431
17086
12322
1986
812
9470
29316
25461
27850
16960
7086
14184
3037
30852
4526
4418
14335
32584
13082
1553
24472
17068
21924
1679
6922
31189
4847
18596
44
31887
22433
27179
18938
7222
26810
12537
10379
982
21284
3099
19779
25489
31114
14944
1865
27457
13422
14872
1083
22623
14454
26138
2337
6948
14087
25612
14240
22253
27925
18398
13169
16868
5178
4248
15377
10205
27141
25174
3769
5246
16788
8592
9360
26787
21349
21407
8480
24320
16233
26749
1286
17417
30042
20941
30958
25870
30543
2843
17599
31403
10894
30564
18195
4703
10913
14297
234
15227
21164
24544
2463
31550
28925
10844
32539
19518
22757
5166
17992
11529
18118
32764
12232
525
19054
18224
21736
20149
11171
23620
16591
2517
31999
25150
14844
4424
20735
23926
16367
216
17750
24991
4389
28765
22663
24837
19786
23849
15794
276
1963
17060
8878
6170
24042
9780
7257
14414
26357
6752
11564
27664
3640
32052
6675
1906
12050
30183
379
13048
1158
30139
26796
5020
16692
16421
13145
13333
25479
15918
14709
4953
6703
8473
28489
31841
19666
6214
21444
2860
7422
7766
6418
774
29539
8592
15216
23050
27967
2947
31294
7654
15897
27629
26453
5598
22962
19164
156
17940
31289
26131
2006
14342
22206
23983
3262
11352
7657
5131
23894
6612
2284
17632
20604
7599
6838
6065
7870
16653
24425
12646
15727
14280
16399
2359
28666
31853
16009
1227
887
28040
11719
8097
26748
20514
14911
8624
7990
23431
22167
10570
10680
12877
24741
3142
30866
27793
4762
21598
1446
6020
5242
23254
4407
20007
16848
18271
13635
20306
30623
30266
17171
13563
32411
2464
7952
12469
26009
10850
3800
29047
24645
15309
11665
5791
32275
1744
31358
21558
19832
8289
13775
11382
16217
3868
32702
25225
24260
29741
28119
2708
12510
15217
2711
23284
20764
5848
29497
8904
7606
18702
1997
2479
2137
858
24970
31955
24349
23238
869
27942
8630
6272
30947
17131
14062
27008
22315
10873
5715
12651
21599
7739
14892
1207
26924
20988
28082
3601
12448
25441
19325
25339
31292
29623
61
3002
16971
3823
9642
17007
1138
999
18878
11652
7303
4588
30241
6473
10662
3964
19429
29919
10114
28240
1907
5718
12794
16538
197
2578
9965
9099
31702
29043
6734
13080
23895
13493
20603
27390
6052
3092
13002
6403
25590
9268
29285
17535
7130
25025
19801
12060
18146
2130
10729
21210
12442
18580
31784
342
6845
31140
10695
2123
24489
444
24619
32601
6417
12818
4290
8965
7922
6653
1944
24834
29384
5466
20517
31151
27393
6702
23658
23264
12978
2445
8764
6113
29065
1978
8927
8888
12291
8079
4310
10923
19422
13599
2042
17410
4306
2971
3018
15630
18812
25202
16386
17514
23707
28092
3951
17537
19070
11737
13569
6224
7869
27221
23330
32110
10792
21519
17734
26441
6397
4763
14275
6066
14686
16612
4580
8348
1537
7446
20024
13088
18730
28603
23856
24517
27606
28196
3561
11263
17721
7178
31047
8437
32363
28789
9027
14215
24159
16861
18054
17808
4628
15759
32310
20584
17679
28243
16912
26798
7688
5708
26807
29508
29668
24607
9291
922
20195
11096
11582
11056
2587
30729
3939
25174
10533
13747
19784
28215
13846
31082
19910
26645
15280
24373
18390
18902
12250
6836
8358
9152
25166
31493
28653
24449
17298
26087
7803
13426
6185
3616
21268
12572
27658
26909
8574
32252
23121
10201
12249
15747
32053
14080
17967
11617
6714
2643
31820
27907
24231
14158
31184
3418
16443
8968
31874
19935
22044
18268
6375
10964
15888
21318
26900
8396
25071
10895
7616
18797
12633
2221
9629
13685
9124
19173
24297
10235
5656
9650
1855
5880
23135
18794
23988
5381
2359
14879
11039
2150
28010
24259
9400
21320
6912
2960
23781
20807
1715
2983
13904
20019
12707
28152
3389
23060
15691
6497
2843
7787
31668
27674
22616
6331
20456
27216
8314
24136
29354
16400
7276
19743
28516
6759
5909
20054
28001
7112
8239
3477
6460
28589
24919
18902
17049
16769
18784
9064
530
6846
493
2874
31605
27731
25407
14166
4140
18248
23115
16556
5628
2212
29968
19985
26099
31887
2343
28807
22427
15540
10396
5311
31860
19945
22780
11740
12193
16658
16559
32122
19938
23362
16008
7407
10690
2340
8091
11216
4114
8602
26447
18360
28821
15267
23988
12612
32509
7042
22550
16994
24598
31517
28626
6604
14146
12707
7016
8143
10277
32369
24018
18513
8353
31543
20
13842
32517
31062
2325
9010
26753
20109
26541
13044
25566
21717
767
4289
3179
8585
9481
112
28987
14282
29561
17348
29837
14882
27330
31030
16268
24423
3952
22517
7737
12003
18872
27948
22437
18353
8020
16003
22115
14186
16270
30184
13629
9218
5530
31375
1062
19692
21800
6967
22896
10117
13626
11696
831
6831
19763
18330
27966
7612
18481
29807
3728
16015
25245
3268
29706
21245
26113
4811
15007
22905
5913
14365
3611
19697
18988
28854
21
28659
4508
14145
19230
21268
15037
26263
22079
6802
3299
19586
3235
18232
32447
22982
23952
1666
21995
4962
30876
19970
25795
10515
6685
17922
23159
21786
31713
18283
22878
26943
15903
28902
18317
11542
23726
5952
3497
29057
1141
5395
14329
32118
23843
15779
11711
14338
6944
30470
29385
13198
28099
16264
10051
32354
7621
8781
14799
23655
28661
24376
32728
20017
8238
18956
10274
2364
2182
9425
15270
17782
18633
31098
8350
1022
550
14020
21468
13100
31527
5217
19551
21457
16359
598
15656
960
4735
10146
10570
4493
16321
13344
32321
32148
11305
2478
10372
3133
11536
143
22110
19839
547
19214
23801
15779
788
15460
29628
25419
21903
30428
14806
3762
16240
17717
14875
7733
26931
9032
24848
27667
9387
14827
6465
18801
3063
21012
475
10913
3251
834
29558
26787
13163
8472
18227
15340
19285
11339
5127
21607
9791
19135
22102
12986
8390
2797
13764
9930
14025
30344
23880
6017
15389
14432
6530
30671
3458
22918
12622
3310
19926
22961
11417
27115
905
9952
32115
17506
10833
14401
16230
1673
3359
20562
262
17007
31825
10822
19402
27270
13353
5802
24090
29536
1918
19272
19369
17078
8881
27212
30725
4014
31459
1189
8045
6237
15717
7086
25058
20619
21360
26126
1152
28087
19991
23517
23823
29787
20089
19976
7126
10866
15931
3318
26543
4918
27702
25195
97
22574
24940
25261
23337
17256
577
22758
28058
12036
20456
21194
6824
3570
24091
3961
30207
29179
20751
21927
20889
13062
30631
29946
18831
7060
21992
30387
16943
16014
13229
16785
3152
23104
923
13554
9186
27813
13912
32572
15561
23781
19960
13179
4588
24092
17848
25164
10888
28509
8687
14841
2507
7415
15425
29157
31902
26358
8214
1323
31170
28909
2890
130
18462
24307
26407
26468
24407
1004
19856
29807
13986
17674
28286
14603
30166
22163
27057
24653
15558
13796
28831
6427
29901
1206
17585
27537
24746
10656
26030
32164
24206
23005
1143
2821
4212
28752
3574
5192
24241
13765
25169
2374
2252
32378
3171
29376
14479
16606
3436
24389
19294
2456
4359
5973
17864
28875
7517
23750
9564
29848
5017
14695
1214
23781
5276
8420
17914
3165
7665
27113
14103
25272
29443
25226
25840
5181
9869
995
4159
6789
22611
2299
30971
8833
31504
27887
29668
7103
13999
5196
32348
19688
15037
9660
17528
4494
5407
21989
19799
9508
24832
10894
16818
8014
25102
30979
181
1372
24550
9147
30477
5392
21964
23353
27715
11432
19104
26160
14920
29720
25869
13546
9041
11160
4100
17386
14820
17246
17257
4561
3891
8365
17676
11390
7082
13326
30170
6521
5572
17630
32597
7570
11042
5640
30017
10181
20446
18452
16288
25441
6173
7265
24801
13674
20451
32174
27733
10555
17708
29151
16610
4207
30776
22782
23547
23042
9766
7553
22735
25780
25028
14795
28609
20654
11942
14069
2585
5224
21109
2253
15865
22730
20618
27423
18066
24722
17339
9268
19607
32501
2677
20633
4850
24969
30988
7201
23479
12642
1614
3117
6486
20347
9822
16171
16404
12376
18368
17757
19388
6890
9904
30428
19857
20147
27320
27356
5768
21803
17025
29745
20916
609
29162
18195
8962
26853
1623
11294
7718
17638
9547
25756
10709
8856
10554
9223
9013
17368
152
17098
21906
2323
822
3656
6738
24932
12750
23071
13611
1532
5085
13998
16531
1223
10160
28885
15992
24141
6338
16123
8498
15062
12357
16214
24758
31441
13311
11110
28684
9846
10071
25795
9987
171
8880
16153
29731
16676
13557
11121
27363
14799
885
10418
540
27503
7154
7527
5822
19846
11508
32450
1730
19833
6243
26849
30815
18671
5205
3153
8577
1914
20005
5329
9079
30585
17349
27992
20203
12861
18261
1369
25624
2922
24820
31557
9015
12192
726
20562
16698
5723
17302
2427
5309
19224
4814
25031
3898
20922
7142
29135
22140
10795
19241
28794
4694
14150
10526
28940
17044
3317
21
16991
12594
27030
32768
21359
21708
24228
21636
16669
14166
27795
24912
28972
13581
5627
6318
24208
10157
11769
8279
31464
20965
26067
14476
18761
7944
24026
6498
5693
2821
15765
14942
28939
18073
5915
14401
19001
27587
6593
19749
23376
22137
22517
3785
15327
30105
9322
26410
18370
10274
19062
31571
15012
31396
9656
29813
9411
22773
23805
24378
7411
2086
17508
5463
21478
31925
10945
25953
27818
24836
5696
27873
15987
24586
13387
22698
25499
2121
173
32618
14823
23296
26615
2688
14348
23457
26914
8461
15474
13189
31351
18766
14647
15839
13740
29737
24951
4079
3920
26373
15307
20856
7529
30687
15887
31091
12635
20378
22121
17157
18699
9879
1414
28335
6981
12166
28199
9157
17243
9340
32221
1569
20495
10821
4880
21528
14771
32251
17478
8365
911
8407
11426
32261
3203
30280
25003
11291
21230
2114
30288
8117
12238
26073
12072
30103
19752
20494
19454
9718
23466
10473
2700
3119
19343
22728
18055
5817
3267
7670
23260
13144
6727
31359
10298
19348
21720
13379
25808
25962
28875
6986
6488
15425
31548
2647
28500
26144
14951
21952
13463
22813
27990
7292
14344
25881
11965
12158
25507
30122
32546
833
14272
12377
14912
24485
2968
17166
31662
16889
14085
30408
14012
9561
2441
23185
1438
9530
12946
6834
29644
11843
32508
22563
18344
12639
4056
5189
3937
3344
28268
1235
29976
8454
8570
25622
7746
16368
10182
4441
6734
29586
31698
5533
9351
18199
1260
24718
15675
2985
6506
20917
24093
19264
30261
25070
19944
23991
20356
285
22341
21541
24298
31773
26351
11882
4755
32505
21781
3848
16843
1887
24064
24885
2751
23377
3573
9518
15752
22558
9309
22221
30821
11665
12835
8798
22856
22888
30558
23471
26773
30471
17456
27494
8486
14190
24813
9879
14738
5481
16768
17558
4783
6662
2059
26378
28501
17740
6862
26691
22885
28458
20810
25550
22538
13486
31910
11590
23359
17784
20305
10604
146
9581
26601
15738
5415
14000
860
18613
30975
8142
6733
23618
18298
25144
28089
9530
26907
13559
18138
15617
29324
30619
28235
21459
29922
20852
7790
27039
8993
20741
29963
2329
28931
8118
10297
14603
3829
7625
642
6123
26467
31375
27202
21939
309
7388
30800
32749
27546
28600
25056
21517
5892
26455
14760
3076
16244
21068
19522
22802
19447
19193
7122
220
18288
23882
16104
20670
22169
13475
9896
23394
20293
26134
4136
13458
21736
10970
9497
8010
7768
7928
4010
25106
18645
22600
1449
13706
23624
27036
3819
327
25800
9787
2799
23261
17762
14737
14782
31549
10266
26404
19477
7746
12077
1738
16070
134
19353
4378
1372
28538
23775
20512
18430
8118
32264
2133
14486
15757
9190
11725
17202
27621
28828
31155
7594
9541
24673
29683
31363
13104
13184
17718
25363
12210
14755
25875
31974
17720
25170
30851
15969
8357
14007
29846
22181
18849
8356
22885
19638
21812
8919
6472
6621
9877
26236
73
17226
12860
16883
12248
14078
30526
7380
704
28648
8922
21808
27993
9550
4687
2586
11775
2415
9969
28518
25028
23399
8316
3761
20834
20562
29096
6562
2676
6068
17150
12654
6373
32537
6121
18338
29864
30968
18960
31773
30633
2781
20195
7259
28676
26311
31604
10234
8822
13263
14985
32374
20752
18955
26863
6712
6707
26034
19473
31951
17336
5505
22217
12413
18031
26717
12405
757
11723
7737
12878
23907
8155
24634
20213
23981
8572
17433
6223
5368
27342
7882
22419
3951
24548
27227
27553
2367
448
17182
24982
29926
27518
16394
31645
13998
12239
10847
6664
14708
10921
22665
15007
16558
6973
12359
567
7085
6698
5132
1159
7711
16368
16294
15928
471
4007
22557
30011
5585
31217
13022
29535
24176
3117
6168
20259
2827
8173
1127
14024
25768
7850
11696
29099
6663
11703
20300
3026
3299
22132
360
24517
1140
32452
8107
29343
26936
17857
794
22116
28147
6318
4921
1685
18933
5164
29299
29442
26779
1457
18876
11488
12824
8503
30581
27163
20853
16177
9616
21230
7127
14019
2804
19888
32001
10290
23587
15601
3353
19354
12058
25541
13231
6111
22137
25696
31739
21989
30691
3299
32358
29700
25000
26230
845
11702
25505
14999
17153
23443
12124
689
26386
32640
889
30193
12493
24867
9812
10581
26883
20122
29669
30214
32012
21868
740
6631
27916
1983
9520
18030
28533
8652
18289
4531
28109
9105
29692
32198
16050
12997
31992
2630
16667
22801
4543
1071
15584
29309
17287
2036
11389
24617
15682
27086
21523
21309
12995
30803
18863
17442
19233
19786
21199
27123
2656
8382
15138
17966
32334
21073
2192
6320
12972
7379
12410
20448
12430
10259
12867
18730
3333
27893
15119
30127
19194
8133
14026
14138
5213
5323
29293
2422
3712
21280
13180
19295
19901
18880
26835
15607
11359
23263
22691
1338
2240
12673
28600
21587
11950
5445
5629
30224
28691
12417
11329
26772
12501
31892
5947
19276
27132
18552
31692
14884
26643
3479
4229
26874
18640
1760
10345
4946
31735
15897
23284
5196
19323
887
27996
15060
12006
876
24854
11801
28156
28352
19356
30272
22171
26851
23406
32089
2534
12418
11862
7314
9379
13912
23793
2474
18144
5703
24427
14505
16093
9895
12170
1487
23334
4574
19438
15306
10240
11824
151
18988
7174
2009
6311
16411
30740
20825
23913
24394
24164
11792
1683
23337
25847
2826
32712
6233
10039
31260
10081
99
6874
17200
27245
15785
11273
8157
25078
29597
25794
21819
21895
18224
9083
8181
18154
19342
9480
9887
27446
9992
26046
26186
13578
1105
7641
19798
21523
9198
23835
30856
19924
8680
2486
18012
5030
17348
18028
13469
14845
25268
1013
15410
13550
17935
16801
7995
15854
511
16702
23901
18141
11898
12860
16985
7747
2675
6159
17124
10457
24401
28629
7091
21579
14496
22841
26325
10044
17414
18071
6981
4746
28025
30817
10944
26580
2992
18369
12756
6458
12503
1151
28218
9828
29575
27174
28517
23238
17397
28770
13659
16674
8554
31405
12740
28750
17395
11050
24384
5431
3673
23761
25342
24102
23635
2253
27787
11074
251
6946
18407
10327
2431
31379
21982
13269
6169
18371
24213
14108
27457
6042
29284
21494
25889
11498
19683
2917
10057
30035
28232
16800
5796
19812
24304
17240
23466
20482
20795
12351
13016
13582
5533
28363
8541
834
5362
3383
25111
6492
17682
13260
7869
21119
19366
3166
18782
18902
17210
17177
10762
378
22163
1150
29903
28822
9794
7336
31719
15561
11385
7124
21039
8907
4894
9248
29147
21076
12318
17555
15208
16697
7172
1374
24787
14808
5834
2401
4361
10423
12014
26865
30622
28008
24265
10713
25793
12976
5149
30878
12656
4584
21997
1800
13288
1442
31889
13277
22624
28560
12297
24560
12790
13730
8338
5210
6122
14959
11639
24072
8970
13526
28202
630
8045
10981
20883
29113
18020
5113
18344
6595
21678
26151
10558
32483
20715
4827
21022
15755
5715
14015
8540
22870
30632
223
21476
32073
3689
5386
27990
4442
2633
28027
8980
18734
5344
32697
32153
4135
7583
10427
9228
30366
8713
9296
1556
1133
17952
5054
22511
5297
20766
22441
5310
7886
25190
16695
31523
4275
29370
24178
14350
7775
30126
26094
13268
10915
12125
1451
13698
11562
4698
6460
20592
14776
14826
2857
20505
3247
21616
26003
5673
16599
4648
22038
7896
4702
27672
10484
8055
21278
22340
32623
29512
29727
14370
17782
19091
18525
10829
10884
20470
25803
28797
8646
14333
16791
8375
11644
28403
176
24769
31137
22775
32134
18137
2510
22610
2577
12966
32348
3591
32020
12911
13513
2220
30115
18571
18268
21881
30691
9497
12300
10143
18193
10225
4767
2522
8389
16090
29199
20042
15736
29693
21809
12415
14916
16537
7832
24019
20460
30713
7096
22524
31516
24227
3911
26081
31218
16851
15081
1709
17084
8999
11275
6946
22532
19612
20495
14641
7626
24761
5034
24007
5136
15114
4491
28905
6812
13520
5182
20483
8697
8695
28495
21117
28095
6728
29618
31888
19476
25312
866
21592
26227
3041
2121
3370
4012
5735
21088
32039
13100
14014
8471
4369
18815
1746
23543
12894
30227
15590
16006
21387
12863
14985
31595
5811
10627
1990
6866
16992
11026
3740
6162
30881
21645
10926
653
25693
23058
24890
9688
20710
3957
21839
32029
24529
5837
19515
30141
20742
22579
22083
17721
4371
9926
28568
22098
454
14067
11654
4463
12538
18931
19437
1088
29105
12948
12021
11425
2915
5949
11518
27329
29590
5420
13526
24195
17839
10499
9263
13348
27912
131
25168
9247
13634
6551
4874
10829
13533
21140
30190
14417
17925
20415
17853
26419
431
23056
11296
27723
28901
6965
7577
21857
26718
23258
12730
20498
16978
8488
19349
117
27276
25227
9843
11007
28865
6329
6857
13732
5408
27888
12135
17471
810
22398
19187
29748
11972
22663
6550
31572
1931
11779
31477
11777
30311
11014
3171
12434
22883
5188
9044
22521
29116
9684
19477
32162
30775
9780
8379
19103
19384
10894
3162
15875
28177
28729
20087
29323
17176
28547
21183
26500
17916
2990
12537
20712
10457
1080
26937
13003
4745
2912
12374
19445
28350
9701
24735
5073
1101
14353
25290
20358
17869
25590
9005
611
4193
7416
26417
15744
19666
5259
5891
4770
9953
25662
20364
11872
20187
6393
20644
23940
31085
898
7042
436
4538
29254
21879
14674
20907
14423
17117
16032
13446
9649
28234
16936
30659
21697
20489
17499
7707
28968
2506
12920
10465
23484
2712
19119
31637
20431
12044
2951
7607
28085
12736
12925
20185
20096
7
3565
8440
1294
18139
9782
3340
12358
19479
538
13790
670
26599
2659
19738
25312
12924
20684
20133
2607
14852
15902
1584
17221
21721
27546
4878
12030
25592
11159
24130
12826
6582
1388
14045
28734
6318
10384
2183
30781
32510
6912
24667
1430
12723
9953
13304
31550
31873
19303
7892
31647
22968
13557
2516
16864
30323
134
28954
8295
18194
20043
15391
18588
16363
26517
23553
16368
1597
31734
9246
9759
11621
14755
4321
12465
21589
17693
28892
32711
14145
21521
9239
12308
2459
28540
26024
20010
11330
8466
21380
3831
5111
4065
10389
29071
29712
20530
23821
11820
368
27312
8441
5746
25014
24268
25881
19192
6837
9311
26095
27141
5669
28817
27926
7063
3479
16891
15573
7850
29359
30728
23028
15286
10125
31137
10190
16506
7052
12041
2728
26872
8239
21253
1089
22977
2648
24385
32426
3954
29627
6127
14680
26495
12435
31409
3192
9775
19859
5305
30338
7656
10784
1070
10257
23469
701
10450
498
31973
32711
18403
14715
4702
7266
10047
5918
13457
31155
25547
830
11560
29264
1812
21824
22973
500
8247
6374
11237
21880
25599
15832
27245
5886
6222
25988
6115
19056
20158
17192
8792
20009
12935
16941
16485
21489
28068
26295
8044
26159
26929
7290
18208
19802
27928
26575
22088
27057
25324
11527
31936
21804
16405
511
22208
25010
23342
15860
3424
18316
12459
15257
24668
6170
23231
359
32021
18628
16509
17461
18137
27188
16445
30728
29796
24514
22849
25388
9895
11056
6296
26500
23752
8344
19779
30238
26985
5794
18327
24842
19757
26362
10210
32621
6776
21250
81
22481
18039
8388
19985
17599
2913
1066
3509
18320
16380
10353
28376
32128
18530
28123
27395
27396
1029
12196
17361
4446
23793
9784
11344
622
23633
14755
8619
26315
26677
22601
14086
10770
3730
9687
22698
16766
394
5753
19042
16569
10478
19022
25892
12530
27906
15641
22516
24112
7808
7737
28678
3814
8159
25819
11299
22983
13268
29806
8013
3547
5402
25943
26278
24787
15215
17894
13966
22426
29151
26505
17164
7468
8772
3136
1903
15275
31246
2129
12597
27568
19520
11325
12843
28127
21691
2802
15830
8894
16575
28738
13842
21703
8367
7060
19193
26811
10004
4826
20998
26682
22757
8643
6266
6801
4870
22833
13567
8147
2318
8941
7308
16939
8525
15770
32392
29040
21006
13543
11314
7418
25625
10761
3904
24500
15996
105
29638
12915
8075
17049
10586
6278
26406
21389
16246
31375
22074
16392
24862
9105
26506
17492
5058
5193
9648
23094
23909
8386
8798
25377
5631
3108
29418
17066
26656
5836
22026
32060
17623
12962
26332
12045
20178
20903
297
28496
198
718
15082
29613
4882
20749
5899
2030
25759
6323
21872
11771
27402
18172
1078
31240
28165
14307
13883
32525
4602
9783
736
24438
30194
25073
13069
22044
26806
16581
16246
19317
31027
31991
1053
19207
26147
30320
19736
27939
12522
2577
8341
2255
22462
29511
27163
16900
31499
27616
27411
18458
29206
32285
5254
22656
4832
15624
11816
22960
12621
22279
28310
8802
6533
14002
26844
16640
2459
9698
29498
22363
28269
9994
27432
24220
26571
30923
31383
26493
22491
30658
17018
10937
443
21157
3717
32192
31593
17550
30260
32688
30432
18838
3856
4737
9860
422
5166
29823
16576
13706
9976
3582
26350
12871
3375
18249
29559
28335
4145
31451
29499
12082
24952
22482
20019
7159
10340
18592
25428
32044
7482
12804
7095
4506
21868
7737
14584
13180
9499
10349
25308
16273
14810
15476
14390
29296
21173
32446
26379
12316
14706
28806
4084
27096
24854
9293
30916
5692
19883
5767
21099
28553
10561
32404
5658
27706
10803
11249
15784
9691
11947
17328
23349
8734
12648
29221
21517
12844
31679
25827
17102
23609
14560
8423
17614
859
20059
2322
14007
16796
7651
10461
9332
10318
5201
5960
28753
23198
10732
1555
30045
13932
14311
20785
10515
32602
18219
8826
58
16419
15447
32160
6922
22063
1285
18532
31888
23396
10832
8969
20820
25150
27795
9481
2360
14370
19570
21000
18595
8687
9503
23302
29919
18135
15318
32728
24512
15725
26794
9433
22151
28414
15492
28893
6149
17701
18537
1894
30212
21914
27131
13083
9698
75
16707
5237
1151
13230
13229
10428
20826
19285
8276
15666
9462
15555
10624
8846
9859
1662
14189
13483
17594
5477
6223
2690
30217
5188
24978
25174
17392
22950
30310
7726
9643
26602
22395
25736
28177
13209
8201
14668
20668
9207
21524
8959
17002
472
25582
12345
14499
18613
2301
29017
3228
3583
24510
14967
1372
29363
25354
16794
19741
21295
11417
27947
22005
10564
7876
26282
29109
21644
23439
17824
8466
15614
11494
26325
24066
959
16935
17346
25961
13883
26337
24137
17397
14197
5852
5284
10822
21403
4953
29084
19539
12766
23962
19707
20489
6273
15013
20547
3893
14127
9286
13216
12451
27537
19283
18204
23687
13344
3891
7186
4125
17720
3745
25317
21645
29806
13742
20721
23825
28196
27909
8898
20569
26971
20083
3716
16687
19912
679
15035
6743
41
11318
3381
441
18649
994
26172
30402
2210
2587
7184
12295
12243
29126
19092
31787
11155
10302
19271
10755
15733
7832
26998
15353
29005
14380
9904
27310
9537
592
9083
15076
22563
6503
69
10906
12798
24347
19101
14712
31470
26086
19107
20590
29749
13783
17597
19609
18316
20115
908
12646
183
2714
15903
17913
17756
18379
11878
8656
16149
31019
27625
27811
27588
1506
24249
21903
18471
6534
24231
1396
2220
18844
21173
4252
21638
13404
25802
11165
14080
31925
7594
10112
15121
18321
32036
31010
25905
7770
25230
20443
32620
23229
22894
32606
27573
32686
7802
16608
28796
9132
28867
3965
13187
20550
813
9175
22253
31454
8738
21248
27800
31405
24967
21658
13228
8199
26351
13372
21620
20704
9231
29208
3693
20112
5491
5851
3229
2259
22895
16085
21542
8724
13143
24666
283
2283
20210
20840
17810
19172
22573
20617
24315
1154
15117
5371
30128
4739
8167
10767
6861
26726
30675
6607
22593
12331
11614
10979
1829
5978
19839
13750
24653
27974
15565
21716
31517
30355
19694
29847
11934
6646
18003
1538
2257
19004
14882
22765
20548
20878
12404
24930
17378
25075
1729
27720
3343
3862
4760
1854
6133
5450
23700
8138
17944
4555
1931
7603
12081
4166
14344
31915
25657
4508
4092
10545
26820
28644
4784
9398
22160
17327
1278
13567
24414
11919
7617
8906
8448
11994
6794
19380
32692
24747
3221
2906
31408
20522
29179
16319
12030
16653
28456
27886
31882
3935
15504
17376
378
3456
7326
4255
24509
878
28141
21420
231
13122
11707
2718
19516
1790
32411
27661
778
19333
1897
6830
14141
7403
16003
5055
4141
26607
30006
23718
20922
9414
14199
13269
22939
12059
21460
18672
1779
24403
8106
16434
16421
18709
19351
1293
2794
17162
23602
12304
27297
7137
6906
1038
30950
8343
5005
18045
27749
22517
28955
30492
496
5978
20505
10969
31696
21690
22586
3569
11097
23015
12955
20825
14530
15631
12349
1885
7475
17030
13497
13191
798
3014
14639
4546
211
14261
31616
22719
24911
22566
11709
31640
28501
24737
14815
11955
30401
29287
28088
13290
28696
10673
9001
12776
2659
20537
14486
6870
1854
6395
28055
26168
7468
18749
30704
8721
21549
29389
25796
8014
4243
9098
6661
15713
16401
11813
3119
6445
23829
28713
31798
8994
15447
14649
20924
24745
22706
14233
25992
23746
4404
3569
20532
3051
3441
30285
4389
10053
15388
5735
8641
17138
8152
26921
18651
9153
24139
24942
17010
6157
17780
10761
3996
22498
15167
9992
701
12386
19287
7226
23548
32359
18236
7406
2552
15466
11413
10494
25270
10148
17863
6924
26847
16498
14534
19468
28968
10750
30764
4098
15377
11548
19080
28685
22482
25202
23544
17829
24210
18396
3578
6945
25819
17679
31103
30076
11339
25468
22337
27480
28300
15735
16983
11587
21638
26776
2310
25402
28114
24417
32731
875
15474
11810
2806
1599
10432
26394
20905
7064
29093
8671
20546
17752
27915
2560
15396
31522
11413
16616
28189
15204
23181
5893
18163
11669
25374
24618
16960
14779
15811
26418
11136
14641
27391
17639
10601
9383
31311
7714
4987
25450
11357
3379
17879
8166
1398
14978
26452
17769
25662
26743
21968
2857
28834
30360
11460
12425
30479
8177
6683
20120
993
30905
30021
25306
21279
28466
19591
30540
26725
21457
23701
2978
25377
11423
9826
9171
25346
22495
5943
8151
4270
16881
30467
16559
7860
12918
4338
32423
22209
29877
19008
5336
1814
24382
6992
26096
25657
32460
7928
7734
13035
26736
11295
14024
20059
30444
11659
15911
24217
30557
11252
2550
21325
2334
15965
13823
30377
13544
21668
5239
11420
32574
4183
29571
12873
31240
8137
23547
29111
6526
20325
11629
15818
20551
17731
15205
2674
14050
6905
20459
29986
16966
18868
14158
12676
19909
7303
14624
11883
31798
7426
8834
1801
13395
11783
17826
5218
15456
18649
4737
13056
14606
4214
11514
4328
5022
12071
9216
6094
2889
12885
11815
18309
30176
22686
3941
5305
29616
1576
3098
8160
6824
21301
3407
22638
23742
26872
23099
24648
11662
8360
2828
17276
11076
6354
6372
22575
20157
13555
12065
23255
26345
15174
8673
6826
25460
1243
11717
19029
12965
29673
25846
18674
13958
9317
28006
30516
5445
2771
29785
27877
26842
30045
31523
8851
4586
8994
24883
25478
12779
26064
20304
7157
4234
373
26659
22393
28745
16018
25078
961
5741
25202
28091
19336
2583
441
3920
7620
20145
24896
19201
13600
7563
22816
19535
13229
25286
28173
27119
9940
370
5350
11030
1936
8947
21641
12788
2778
5545
14828
12158
22116
32464
21098
17521
28041
25508
8282
29588
27268
19913
15846
2365
22497
3819
8731
7190
15922
26530
15420
2849
14851
5528
22876
7418
11792
3309
2091
9309
26037
24794
28433
19943
15269
8085
18553
31521
6367
9589
31088
20154
24542
11095
30318
19988
6160
5184
27251
15363
28042
15940
21590
4305
22778
23206
3674
13189
989
4416
29699
22628
15602
29477
6696
10425
4334
134
19784
6098
23409
17874
18978
2379
25657
21537
25727
11407
23702
6355
4179
12699
20765
22644
260
15109
25505
20707
21258
12605
24927
18100
29624
23316
2425
466
15193
24442
6054
32105
28031
5260
26407
20227
5016
16334
16893
2289
26050
11188
12377
7148
13793
13928
23636
31740
4334
15815
24032
3225
2706
3244
766
6160
26355
11634
